30
27 76 10 3 49 99 36 25 11 77 7 25 65 77 31 28 30 30 49 24 50 49 61 74 88 54 6 65 42 98 
9 69 32 1 70 12 78 89 83 93 88 91 33 78 9 96 24 100 83 34 39 76 88 60 2 12 66 92 75 91 
79 76 45 81 68 27 50 18 98 16 27 4 74 23 55 39 21 67 62 41 71 20 53 10 13 13 4 30 24 29 
2 24 93 70 14 21 6 66 44 38 26 85 45 54 27 79 43 15 3 38 27 55 5 14 36 17 74 57 88 26 
11 73 97 69 4 84 61 46 94 26 14 7 73 53 97 18 89 97 42 39 90 69 23 85 73 78 36 82 45 18 
90 44 22 28 70 86 25 38 17 55 60 83 58 53 47 22 99 41 80 83 27 62 6 40 44 19 76 67 69 77 
100 42 2 37 34 30 34 90 95 37 33 89 45 45 46 98 17 10 19 10 26 71 84 33 8 12 32 50 25 72 
22 33 70 56 4 61 62 83 73 90 18 95 44 96 32 52 15 48 14 20 45 22 37 99 95 88 11 59 85 46 
76 51 52 71 84 67 91 47 70 56 7 49 23 81 43 95 50 9 40 71 94 67 84 44 64 34 85 86 27 75 
17 14 30 23 87 70 97 69 48 68 34 47 60 24 37 12 38 46 37 54 35 24 46 85 97 53 72 76 42 11 
29 98 1 71 34 44 55 67 25 69 15 3 7 89 23 94 44 19 93 22 15 24 46 23 49 89 32 65 68 57 
30 5 16 86 92 5 44 34 56 53 49 87 12 41 52 51 61 64 61 49 92 31 44 56 90 71 79 75 89 3 
8 41 45 33 84 10 100 11 96 9 94 81 40 63 19 73 45 27 38 26 31 32 2 88 66 48 55 32 8 23 
88 32 20 60 54 86 58 57 87 61 3 21 4 90 34 17 64 36 7 15 58 99 90 47 80 54 67 38 33 92 
69 61 68 91 17 42 62 74 21 65 2 100 92 22 99 81 27 85 30 38 5 41 25 23 71 53 2 57 79 89 
84 28 53 33 90 93 86 15 9 37 21 85 49 12 64 24 23 74 44 19 22 62 47 71 82 68 69 64 64 4 
76 32 3 75 17 99 34 89 60 7 39 36 99 85 48 24 1 11 24 16 4 87 28 64 22 28 6 19 72 35 
46 7 12 33 59 91 11 67 32 8 13 78 64 22 57 81 75 1 97 27 54 12 20 5 92 9 96 4 13 27 
96 74 51 19 86 55 20 24 46 62 36 50 40 53 35 5 61 5 57 83 88 21 100 21 34 38 73 1 16 59 
55 94 54 73 100 36 75 58 26 15 27 22 85 22 2 54 38 82 3 73 43 53 57 35 87 96 52 68 57 20 
35 48 52 84 53 37 2 89 34 38 21 28 24 4 73 8 13 7 95 48 2 81 69 63 64 47 43 44 70 56 
78 48 55 29 27 14 26 20 82 23 27 87 48 50 64 81 42 97 64 98 99 80 74 9 87 10 81 99 32 34 
82 51 57 16 55 22 78 28 35 59 91 53 66 29 92 58 71 35 93 85 55 49 45 53 63 50 5 30 93 33 
22 22 42 43 2 54 60 13 31 25 6 74 28 68 8 24 5 87 66 72 9 11 66 46 99 93 6 82 50 66 
58 55 48 87 34 46 8 38 36 91 55 97 91 66 80 100 52 28 7 66 60 75 96 52 54 43 63 20 38 98 
3 3 87 39 52 1 68 19 25 18 97 4 85 94 36 85 20 84 79 29 26 42 29 43 76 60 91 23 74 79 
51 7 32 64 93 24 76 93 82 33 51 79 71 72 31 86 51 65 76 32 75 16 85 24 41 62 62 62 19 2 
8 38 70 63 21 50 42 78 1 83 79 82 7 56 57 44 99 1 72 20 60 65 46 7 22 44 97 95 18 22 
68 64 9 52 78 76 78 64 73 73 74 15 52 37 1 46 71 2 39 28 29 48 40 75 36 92 99 89 20 54 
60 49 5 89 25 6 19 33 94 55 39 77 49 87 60 86 61 32 5 60 96 78 84 28 99 29 71 17 89 71 
