100
46 19 39 65 80 43 89 62 13 17 45 79 84 1 89 99 89 44 49 7 56 9 32 91 100 87 78 15 69 52 65 32 28 93 96 71 74 72 87 66 100 6 84 100 53 95 82 9 44 18 8 91 56 18 76 50 81 89 25 67 84 26 29 63 98 26 71 62 26 6 60 62 65 100 65 40 85 23 16 6 100 80 18 94 81 55 100 14 80 5 1 4 7 94 64 64 33 82 2 84 
50 80 89 27 100 47 94 29 8 53 8 98 20 89 51 28 95 79 12 47 61 65 97 3 65 100 60 80 52 21 31 73 65 78 78 49 73 32 84 23 15 37 31 36 16 8 78 59 95 36 76 56 1 3 79 31 11 73 98 30 24 71 99 26 40 36 47 83 1 33 51 36 57 75 3 41 8 31 17 40 100 17 72 85 51 82 13 81 64 51 10 75 23 25 53 27 49 2 40 98 
75 31 46 37 83 52 68 80 65 49 78 90 63 30 3 23 11 98 68 69 100 59 47 51 7 73 11 19 87 44 16 33 67 6 91 20 99 30 24 54 63 54 13 75 27 31 91 62 57 79 84 98 59 5 51 97 76 8 91 66 47 74 92 37 26 3 8 73 12 26 17 78 24 2 12 27 32 92 74 37 78 53 4 68 10 78 12 30 8 19 82 62 15 24 68 98 11 64 94 36 
51 37 85 37 50 49 98 63 46 70 17 57 73 80 74 32 80 48 75 73 25 60 12 52 9 6 32 75 30 99 13 8 78 73 14 22 88 51 98 27 98 67 63 5 55 52 76 70 61 1 40 54 99 21 9 75 5 49 92 9 64 83 97 45 12 96 12 70 59 60 9 86 47 100 18 2 43 93 95 81 38 7 91 47 4 53 4 61 6 95 39 39 76 55 17 96 37 16 9 53 
33 96 99 97 77 42 32 80 73 59 55 26 58 52 32 94 2 75 66 62 12 37 90 17 70 89 14 1 97 27 51 54 56 11 4 75 69 7 14 10 89 6 44 57 29 67 54 47 93 73 68 87 19 52 77 69 67 24 96 51 65 36 8 62 88 90 63 93 98 61 56 36 84 23 25 77 88 68 34 67 59 62 48 40 16 94 88 93 94 96 79 35 41 99 98 4 95 79 54 46 
68 54 38 11 89 28 32 86 97 54 4 54 90 26 86 76 86 5 95 61 59 9 11 96 19 24 62 21 95 63 55 55 44 48 28 27 20 74 95 41 87 39 80 47 25 45 32 12 41 72 89 86 14 63 76 99 25 63 27 88 80 23 83 96 17 26 9 19 34 82 87 86 39 86 33 94 45 67 32 19 21 66 20 56 56 62 33 71 74 88 43 90 52 38 90 72 43 11 22 92 
34 98 15 24 7 39 53 85 8 4 44 30 31 9 82 66 60 70 71 93 15 87 4 19 93 19 63 7 3 53 59 98 32 8 57 84 66 26 14 45 89 68 22 96 99 100 32 48 47 19 54 37 54 92 67 42 67 12 96 50 76 43 32 56 57 59 59 81 89 24 49 17 65 35 94 62 47 59 5 48 79 9 14 34 62 55 72 63 8 92 51 9 34 89 41 94 44 31 71 24 
74 23 6 39 2 50 58 32 65 50 63 80 34 68 18 69 100 76 75 68 34 2 25 48 9 83 1 85 9 3 79 81 83 64 21 63 3 19 45 97 32 25 48 68 100 93 4 21 30 71 92 38 40 84 86 53 30 97 54 73 76 21 39 7 40 71 81 82 84 83 58 6 57 80 26 77 8 10 14 91 71 37 18 8 99 77 5 71 20 55 22 73 54 64 45 46 95 17 63 96 
42 51 38 34 10 95 15 78 70 49 93 38 3 52 74 76 94 89 24 68 32 29 50 46 90 40 59 40 94 88 64 40 84 25 93 78 25 66 83 16 6 100 53 79 39 82 32 54 21 88 53 41 8 4 69 91 45 57 47 14 77 22 29 99 26 79 34 93 62 6 92 79 17 89 46 86 14 1 16 91 88 14 73 37 27 50 97 13 26 92 11 23 46 69 61 24 33 80 79 24 
40 73 84 58 81 39 91 58 96 39 70 47 80 36 32 32 22 84 4 60 49 15 88 40 67 67 15 44 44 31 78 43 11 45 89 54 89 5 13 15 46 3 93 17 92 20 86 24 23 43 79 19 10 67 21 100 28 31 30 94 79 34 21 41 83 12 57 10 6 45 5 3 51 84 2 9 1 35 91 34 89 73 34 18 82 52 88 61 51 60 3 83 34 56 29 2 33 16 25 39 
14 78 28 91 63 92 2 69 25 82 6 77 40 8 97 94 16 7 3 35 82 36 46 63 86 61 33 3 92 11 48 33 68 24 17 6 26 46 82 50 62 23 60 87 25 94 20 55 44 66 51 63 32 22 59 21 22 49 32 8 56 39 4 87 73 35 7 98 49 86 53 47 56 24 53 60 18 61 70 20 39 67 20 73 38 98 98 58 39 48 89 72 49 19 55 69 40 27 37 75 
99 100 46 94 25 15 21 13 26 88 36 10 20 8 34 20 99 60 66 45 80 90 45 44 24 18 50 28 29 52 16 70 5 56 8 99 71 58 36 90 14 3 62 93 19 23 85 45 75 16 92 59 1 67 72 60 93 26 25 12 8 90 24 3 58 38 44 79 2 79 5 54 8 14 44 40 77 75 4 83 54 62 56 55 98 75 46 47 62 42 68 16 94 57 41 89 78 50 78 26 
72 40 41 30 31 49 62 27 49 63 92 95 53 71 22 94 52 7 83 57 37 82 55 5 78 34 19 64 45 41 18 67 83 100 92 97 68 80 83 79 99 49 17 61 51 69 10 7 18 85 30 35 81 78 13 86 32 31 45 58 68 73 91 75 46 15 10 28 94 31 33 20 3 28 87 20 52 93 59 39 60 70 77 45 19 46 91 40 37 93 12 85 18 31 83 61 50 77 15 51 
85 42 50 53 18 28 10 5 93 68 95 38 27 51 74 78 5 50 89 55 88 65 80 57 59 76 60 46 62 74 98 17 73 1 63 51 76 9 33 67 69 64 96 59 6 14 86 15 89 67 63 94 57 22 81 39 84 54 11 22 94 62 21 2 91 44 51 65 87 63 37 18 69 67 27 67 33 49 4 96 15 27 53 58 93 71 47 22 16 27 44 56 70 61 46 44 26 24 84 52 
41 46 42 96 79 79 71 97 21 43 30 79 18 71 18 26 59 22 81 19 35 37 55 88 27 55 74 28 66 43 80 40 5 51 36 59 13 54 2 30 93 79 30 55 66 28 7 46 59 46 93 70 22 10 55 35 44 32 8 73 24 50 48 68 23 96 11 55 46 23 10 49 53 11 77 30 87 72 20 12 14 46 57 34 80 89 49 53 77 41 22 16 75 46 80 80 88 6 95 61 
47 1 73 47 14 54 79 9 38 93 77 54 83 96 54 100 9 62 89 69 99 32 26 20 55 46 56 97 67 66 51 40 15 90 53 60 35 24 48 79 33 97 50 12 10 31 31 75 74 36 83 88 89 87 98 39 97 13 76 43 72 62 16 82 42 33 34 91 52 69 96 93 55 74 98 99 43 87 10 28 61 1 23 54 39 20 88 17 60 61 91 53 96 79 26 96 81 62 22 57 
81 69 42 54 41 27 3 35 51 64 13 51 25 24 24 86 54 77 48 87 64 17 10 100 74 34 21 56 82 21 39 45 47 4 7 27 61 76 27 83 5 94 97 91 43 61 20 40 17 36 100 77 94 60 57 68 86 10 80 54 55 38 27 52 89 86 47 31 78 88 59 75 94 45 26 20 25 13 61 85 20 11 70 34 25 16 76 7 93 86 81 42 40 21 84 81 24 23 22 11 
85 17 3 57 13 14 32 35 6 62 88 61 36 9 20 67 29 28 35 52 98 80 10 58 36 31 91 41 42 28 64 71 65 62 82 75 74 95 15 24 82 9 61 79 80 74 80 3 6 20 17 69 81 35 84 73 35 6 51 84 53 7 36 34 66 71 77 21 97 21 46 30 14 70 91 64 80 45 51 99 53 64 28 71 3 99 27 41 97 71 54 69 73 1 44 84 32 76 21 60 
47 85 34 22 21 10 12 7 9 32 72 67 25 84 26 41 70 80 98 7 71 99 6 92 60 51 26 63 100 90 60 95 3 13 91 91 51 7 74 81 85 38 85 74 7 53 20 72 97 22 95 78 4 8 72 62 92 59 91 32 1 43 2 39 85 99 29 22 81 91 82 61 71 3 32 80 77 53 9 95 45 1 48 46 68 4 32 91 53 67 50 82 96 44 37 80 94 65 32 87 
50 4 64 64 40 32 94 70 45 57 11 19 20 57 58 33 68 37 22 34 69 42 21 59 71 89 76 41 9 73 55 49 22 44 27 82 10 23 55 52 11 82 28 87 73 30 1 13 31 45 61 52 18 87 54 63 80 55 14 59 18 42 88 65 26 49 5 78 44 49 35 89 73 62 85 25 32 93 49 54 49 75 59 81 83 36 38 23 31 64 36 73 21 28 89 46 17 81 48 25 
50 74 57 38 57 47 26 90 70 84 45 45 11 26 42 28 65 24 65 91 62 26 46 68 35 50 55 29 79 11 93 70 17 67 47 11 15 67 79 20 74 72 74 34 96 16 91 45 35 15 95 38 43 95 31 64 47 98 53 37 25 95 64 34 40 90 35 11 29 72 28 91 72 94 21 28 80 40 74 21 49 73 60 33 70 77 5 24 94 87 53 59 26 73 73 8 63 45 86 66 
41 89 8 86 73 16 36 55 67 78 42 56 4 98 91 63 97 27 26 20 55 37 25 98 18 97 47 97 39 90 4 93 91 65 76 30 28 8 11 69 90 58 37 53 10 50 97 77 78 13 11 29 22 65 47 23 97 3 72 41 67 91 24 36 9 26 8 19 69 1 76 11 76 24 85 25 89 57 14 42 92 55 64 3 99 17 96 54 56 11 82 23 23 6 60 26 57 51 32 27 
5 26 57 20 14 68 99 91 73 15 22 23 48 20 73 33 35 42 87 6 78 21 2 68 64 97 86 88 90 64 96 33 23 49 23 50 18 66 79 80 73 49 65 36 81 58 46 88 53 20 7 80 80 49 39 71 89 23 19 33 25 5 35 23 55 97 10 53 2 11 8 60 77 17 94 92 55 36 10 39 94 64 7 39 100 96 23 36 74 8 11 66 73 66 39 58 10 66 26 34 
6 5 28 2 85 77 62 56 30 67 14 35 4 84 49 68 12 72 4 45 11 76 14 18 74 51 14 73 42 84 11 57 29 74 97 90 78 51 26 51 27 81 94 64 45 26 91 74 80 10 16 48 33 15 19 39 96 16 21 9 54 11 44 41 67 20 92 50 11 29 75 94 93 59 2 21 57 28 97 26 62 23 81 5 87 81 55 6 36 98 75 81 87 71 43 67 44 64 81 7 
84 97 8 88 73 93 14 42 86 4 37 12 16 2 39 49 94 26 87 53 49 15 78 14 31 56 26 2 13 43 12 36 78 77 56 62 69 96 89 5 30 56 78 47 22 26 88 24 25 38 44 4 23 36 48 71 21 22 14 39 52 72 25 78 84 88 86 4 51 58 8 59 28 94 63 35 58 21 74 9 60 2 1 6 39 46 26 89 33 57 98 29 72 86 11 88 38 77 71 21 
79 57 71 63 65 53 65 37 98 62 31 93 87 100 29 100 36 7 40 80 28 86 8 45 74 35 79 24 52 98 87 49 7 47 98 83 36 73 100 9 73 4 13 7 47 17 3 13 86 73 2 63 5 59 74 51 24 50 61 18 87 66 42 13 21 38 29 55 49 90 84 59 80 21 93 88 51 34 4 34 54 70 44 99 77 62 65 38 13 43 41 80 78 29 19 29 1 48 23 28 
89 4 68 53 10 68 66 11 27 97 48 7 31 80 53 51 2 81 17 82 98 46 22 55 42 99 4 69 17 51 94 90 18 83 41 18 79 81 46 29 44 88 87 31 5 98 2 64 82 66 38 89 58 3 94 33 2 24 47 95 7 98 72 68 15 95 32 100 67 48 31 70 53 85 9 67 61 68 83 49 100 31 72 16 37 74 99 78 66 48 73 30 66 25 10 94 29 72 99 39 
83 69 42 29 10 66 73 62 73 18 8 31 81 94 98 18 75 35 2 90 14 16 10 16 19 16 48 82 94 10 74 33 62 97 51 14 92 74 76 25 84 20 9 6 60 2 1 69 5 46 51 80 75 34 54 89 53 71 77 45 85 74 27 99 69 62 18 6 77 17 46 19 55 34 37 41 21 99 33 65 54 48 50 100 20 47 4 10 48 74 74 42 90 58 28 52 26 81 55 61 
64 70 87 97 20 100 98 49 89 96 50 99 47 95 18 7 1 96 97 27 80 53 40 35 42 59 87 89 91 86 61 7 90 75 3 6 98 74 82 81 3 7 80 51 98 28 100 1 79 19 5 79 54 24 57 96 84 2 46 41 12 22 53 10 5 3 34 47 42 60 2 94 47 7 82 56 89 68 25 21 93 22 72 67 65 15 61 38 36 13 54 86 96 51 39 85 40 58 91 80 
98 78 85 23 45 73 25 79 28 17 39 80 27 75 42 79 78 38 14 81 3 18 26 32 14 19 75 78 36 13 55 56 40 33 53 5 74 43 9 35 13 29 42 65 14 16 31 57 11 54 59 84 92 8 84 12 69 53 73 49 75 2 42 16 4 39 40 55 81 58 74 69 78 71 60 73 25 80 90 40 14 37 23 48 27 2 18 78 18 92 96 96 23 26 40 23 52 65 71 94 
30 90 28 48 46 58 31 3 80 66 8 22 67 81 91 80 77 26 21 77 87 30 66 56 88 53 36 2 78 96 22 18 94 11 14 61 38 60 16 100 44 44 77 52 40 92 67 97 52 31 89 78 92 42 81 80 21 84 60 96 2 95 89 94 24 26 50 92 1 56 63 80 24 45 57 73 35 92 74 87 47 5 22 40 75 48 69 49 22 49 6 78 2 9 24 99 85 33 50 76 
43 42 72 66 8 1 79 82 48 87 54 13 27 100 55 48 14 20 72 94 31 46 7 40 92 68 26 16 83 38 3 78 5 66 63 22 60 8 45 70 1 99 37 79 74 32 62 9 8 14 89 49 5 5 99 1 75 51 20 70 4 71 1 17 49 56 43 90 89 62 57 82 48 63 72 30 47 53 17 88 86 30 99 90 75 88 53 2 16 85 82 92 80 34 35 70 70 88 37 43 
86 91 24 57 32 31 95 18 47 43 33 9 74 20 75 66 49 90 79 10 42 48 40 87 85 58 39 72 57 90 93 40 80 24 22 56 66 71 94 2 56 51 58 83 90 20 5 33 51 70 87 13 9 63 42 35 41 39 75 80 60 70 11 71 17 19 30 63 49 67 77 47 68 23 43 83 50 46 33 22 46 54 94 61 34 74 23 23 11 40 16 45 22 85 75 72 51 33 66 21 
45 83 39 60 87 72 10 100 29 63 86 38 81 33 16 24 27 1 73 44 8 91 34 72 51 9 24 16 86 27 16 31 82 35 29 90 59 43 17 55 27 17 14 60 77 31 8 62 31 20 98 65 19 51 72 25 80 95 84 55 28 87 1 48 13 51 47 25 82 10 25 55 80 73 19 5 1 4 96 64 79 84 59 63 8 48 76 91 72 52 33 76 39 71 49 21 53 47 49 92 
28 87 30 33 45 44 90 69 33 72 38 70 33 95 71 85 87 74 60 15 19 62 4 76 51 65 88 53 79 16 75 95 75 44 67 81 45 56 67 51 29 91 99 15 84 74 68 24 81 85 45 100 70 63 81 26 10 23 81 77 61 100 84 44 57 91 74 78 96 87 46 91 26 45 79 56 84 90 4 7 21 6 51 71 8 74 99 71 74 64 34 8 1 60 57 56 46 35 21 28 
75 28 6 38 3 87 82 8 14 25 84 7 88 91 38 11 73 58 87 62 46 3 17 59 27 5 62 58 56 11 89 29 21 54 84 16 85 99 48 44 17 13 4 36 36 29 33 61 2 1 54 60 39 62 3 30 93 25 19 12 53 25 54 98 34 91 32 52 6 66 52 59 61 100 76 77 35 73 33 21 26 34 30 97 80 52 72 80 17 58 100 58 76 80 68 14 42 42 26 19 
84 37 7 6 79 88 100 59 65 41 75 10 37 37 99 80 37 57 3 90 79 95 64 9 46 12 82 75 38 63 90 25 43 90 29 65 62 52 27 13 16 55 28 9 55 38 31 58 59 57 82 99 49 71 93 21 58 53 86 5 37 58 39 56 53 7 6 35 66 23 98 48 26 93 99 53 65 17 16 18 72 96 95 4 33 8 49 53 20 71 38 89 88 47 75 71 32 66 90 8 
39 11 5 79 7 9 67 71 10 34 32 57 82 54 67 93 26 41 53 73 20 99 35 63 30 30 80 36 4 45 8 34 26 11 60 27 85 82 43 46 27 65 73 10 37 76 90 77 53 86 77 59 55 99 73 26 99 59 63 92 75 87 21 86 99 63 95 56 66 27 12 19 82 70 24 22 32 68 95 24 33 11 12 92 36 68 87 62 59 35 16 50 63 68 61 95 24 91 61 1 
61 90 26 57 74 22 84 76 71 7 48 59 46 64 3 63 15 70 19 85 3 72 50 67 59 96 96 47 63 71 64 75 35 82 77 17 20 11 11 65 38 2 51 34 68 77 83 2 25 34 71 29 18 99 99 38 40 43 30 22 7 23 26 25 55 83 21 11 42 42 47 21 62 23 45 20 72 30 2 81 45 50 92 18 84 33 81 64 21 17 38 89 4 19 28 80 5 33 89 10 
83 4 53 15 50 44 38 18 21 19 96 13 27 80 94 37 46 100 1 24 30 22 30 8 71 48 65 71 13 8 15 43 19 31 45 96 86 35 10 47 8 89 59 50 8 47 60 57 75 46 51 99 43 94 20 94 79 76 91 71 20 16 97 29 51 13 91 15 99 66 8 20 23 66 66 19 63 42 12 11 3 97 74 49 45 69 25 23 65 56 72 27 41 65 43 9 10 12 10 37 
32 40 18 41 80 60 80 21 16 23 72 87 59 63 4 37 31 51 64 93 91 89 1 28 5 60 27 50 52 18 80 30 1 56 62 1 27 29 54 95 4 9 69 28 62 67 55 4 78 72 95 26 51 89 54 34 86 3 28 45 65 26 59 1 6 84 65 52 66 47 88 26 2 88 63 39 100 85 100 61 36 33 44 34 65 58 95 80 34 99 93 74 30 52 96 2 20 87 87 4 
67 36 73 69 70 48 22 79 81 36 63 97 39 96 40 22 79 6 40 11 49 53 7 40 58 60 23 22 66 97 91 86 57 38 87 85 8 5 82 33 82 62 20 3 95 63 83 49 71 99 56 42 69 63 90 76 50 62 27 93 73 46 15 57 29 36 24 82 33 11 14 41 35 50 2 84 58 60 73 1 44 48 68 66 48 31 34 65 41 86 50 54 52 94 61 94 98 1 33 67 
68 50 95 34 38 100 91 80 26 85 86 19 99 13 52 78 50 56 98 20 23 44 50 50 23 37 2 4 80 87 50 61 82 70 69 68 81 33 57 74 10 65 93 69 95 38 36 19 49 1 80 40 84 28 8 32 86 36 82 45 48 61 31 87 57 19 52 24 83 15 57 22 99 91 76 75 88 83 68 1 67 100 46 18 41 14 88 65 18 49 80 37 73 71 16 82 87 9 95 6 
60 63 66 90 92 25 81 85 94 20 15 11 3 80 65 37 41 58 9 13 42 37 82 58 83 85 68 49 76 89 20 73 85 41 46 47 33 90 60 33 26 73 3 42 34 5 45 3 21 69 13 19 58 21 70 69 6 15 68 37 71 33 17 46 97 66 47 8 79 10 67 18 91 82 2 29 79 67 61 77 15 1 22 63 11 59 37 32 31 61 84 2 68 55 15 97 92 32 71 55 
96 41 61 90 22 35 9 81 38 26 59 49 53 24 17 38 92 41 7 27 69 100 4 71 71 93 78 28 99 53 72 16 99 71 33 93 82 68 3 45 23 74 21 63 27 92 62 72 33 85 76 26 32 26 68 48 97 93 38 62 37 55 58 92 77 20 16 29 95 2 54 14 91 3 100 22 87 75 41 37 15 13 43 56 93 52 3 43 40 94 34 13 90 84 59 91 64 8 10 51 
13 3 12 15 73 69 16 51 47 23 26 7 97 76 42 69 83 35 90 5 75 67 71 86 3 62 54 92 75 20 19 46 17 56 54 89 50 29 97 2 83 38 8 73 79 25 79 46 99 85 29 61 51 18 61 8 47 35 78 87 34 38 46 47 50 94 72 12 44 1 34 46 29 67 64 25 10 78 95 51 59 24 40 8 66 86 16 100 90 90 84 6 78 47 5 89 80 63 46 71 
25 74 29 15 51 10 26 95 81 50 1 11 85 26 63 53 59 39 84 5 93 67 48 83 54 96 6 90 72 65 76 91 5 1 80 66 76 79 42 92 28 89 11 39 20 81 89 42 51 45 21 24 79 54 61 30 54 31 66 58 21 75 13 71 74 32 92 11 89 38 51 96 67 75 11 10 5 24 100 27 69 40 46 80 68 55 73 32 83 66 5 98 11 25 98 88 70 17 4 85 
41 31 75 30 59 88 87 53 75 42 26 74 57 56 52 22 4 58 82 48 24 12 74 34 94 22 23 89 73 6 98 17 8 86 92 55 7 72 61 87 26 37 20 12 99 25 3 58 96 95 73 43 1 80 71 49 47 64 32 95 9 49 48 22 62 79 63 42 60 72 29 93 51 28 22 88 64 79 95 15 47 18 54 93 55 16 54 48 41 90 93 70 80 57 76 45 36 2 4 100 
12 30 53 39 1 47 55 47 91 47 64 14 53 95 85 9 1 59 88 30 45 24 21 17 37 78 32 50 25 95 19 81 69 87 100 48 24 10 32 52 36 59 81 98 75 7 10 80 67 85 9 48 18 42 58 13 73 24 72 60 85 51 63 44 15 52 73 73 96 49 18 29 64 8 87 72 64 16 60 1 93 34 21 82 84 64 58 9 23 3 58 55 1 72 78 86 44 63 77 85 
22 77 31 18 86 23 94 59 37 40 56 41 96 78 63 67 95 31 34 30 7 95 17 72 52 80 26 46 30 94 56 17 65 88 39 64 90 63 82 8 68 69 2 12 39 57 48 95 96 93 17 75 17 40 48 75 10 45 88 72 93 15 54 88 53 95 36 87 9 51 35 95 99 85 90 61 63 39 56 83 62 87 57 85 26 46 20 47 80 53 31 86 59 28 86 15 7 58 65 14 
90 45 72 15 26 46 32 80 51 28 3 7 61 66 92 71 85 85 73 65 57 38 13 14 70 4 5 29 78 54 21 78 53 68 19 24 43 62 23 3 35 24 77 98 58 28 11 58 23 65 46 29 65 18 72 92 45 74 100 27 42 73 57 54 35 75 66 67 8 24 85 67 87 32 2 77 44 59 58 38 78 91 53 30 93 92 37 97 17 76 61 93 40 57 9 91 47 20 46 80 
4 39 84 50 64 46 33 24 71 21 97 14 5 29 40 80 20 40 20 77 25 73 16 66 71 28 32 44 81 22 22 91 8 29 81 76 61 35 71 10 24 96 76 63 65 52 92 88 22 94 25 23 57 97 63 47 31 92 4 10 37 1 32 46 63 1 15 37 54 28 80 27 10 14 98 100 32 93 97 82 71 97 36 99 77 44 36 91 45 36 51 93 64 73 14 92 33 7 88 68 
64 55 96 28 33 53 20 50 93 87 79 13 32 16 92 47 62 78 73 79 64 64 26 4 85 22 45 91 18 83 14 9 90 46 91 21 26 8 50 44 12 97 98 94 100 24 22 8 67 60 80 47 100 92 97 28 73 64 69 31 75 49 62 13 76 28 72 73 84 55 52 23 97 25 17 92 28 50 38 37 25 84 33 90 62 23 84 24 7 12 2 62 55 38 56 36 43 60 20 73 
95 86 38 31 37 66 69 32 67 66 40 28 11 75 14 60 52 7 31 25 47 80 96 17 7 100 72 73 90 68 15 100 75 41 11 87 64 84 26 30 93 32 80 49 49 25 5 98 69 75 97 38 29 81 70 27 5 32 38 97 97 79 9 27 37 12 61 88 84 38 92 57 82 89 61 73 39 27 92 40 38 12 99 44 38 92 49 73 87 19 37 87 84 13 22 50 20 71 94 65 
23 26 79 45 67 55 13 84 94 35 65 41 13 76 5 31 33 91 29 2 85 19 70 60 88 94 13 52 25 38 71 95 44 39 62 15 11 3 78 37 69 71 49 50 9 16 67 94 86 52 74 44 89 81 93 11 52 10 76 77 82 86 39 93 28 37 26 11 2 22 21 97 64 57 7 70 2 60 29 69 14 85 16 55 25 34 14 74 69 81 73 94 50 65 68 84 93 77 92 36 
29 79 62 99 96 47 37 98 65 85 14 34 12 96 26 52 41 85 61 22 5 28 5 91 78 76 76 95 9 13 77 83 71 57 4 24 51 24 41 54 97 49 39 38 52 92 46 71 11 93 81 37 43 1 76 51 48 72 36 67 56 38 8 100 100 58 72 87 36 8 24 13 26 61 4 8 86 77 82 7 45 68 43 75 4 17 25 79 35 51 44 44 21 36 48 30 56 33 43 17 
28 46 62 11 41 46 61 73 43 23 51 81 75 33 99 31 94 60 97 39 75 95 12 77 8 32 60 1 36 10 15 46 21 24 31 6 93 43 50 8 98 97 100 68 63 28 25 78 60 79 69 50 69 34 40 27 29 40 45 38 32 36 4 81 18 89 79 11 26 39 30 91 36 37 83 69 99 73 81 91 94 20 91 88 39 50 79 93 9 14 75 21 98 77 48 71 68 21 57 69 
17 40 15 10 52 10 54 75 34 40 46 23 33 97 15 90 76 2 2 84 83 4 22 49 16 76 69 3 62 32 86 73 65 65 3 95 90 17 74 3 49 13 54 98 60 89 99 80 93 2 69 79 99 60 97 87 65 62 45 74 72 67 22 14 66 82 79 43 34 20 3 89 50 96 23 83 35 39 97 41 4 78 92 35 49 29 50 82 14 41 70 19 14 4 93 34 81 11 51 33 
53 52 41 32 75 73 94 19 62 25 75 14 12 2 3 48 38 27 59 79 65 74 29 15 17 52 63 1 92 16 74 46 86 9 56 85 20 76 27 17 26 90 95 94 18 2 53 21 82 29 81 42 44 69 57 81 84 19 95 77 18 13 62 9 22 56 51 23 76 54 65 34 87 6 94 70 17 50 80 99 3 85 72 94 11 14 76 74 99 46 95 75 64 2 45 16 91 51 35 19 
99 37 78 97 51 81 7 53 65 34 10 97 11 70 55 15 12 50 28 94 59 39 1 38 36 27 8 39 7 56 20 28 69 74 12 43 68 55 44 12 46 26 52 76 85 28 96 11 29 63 74 80 3 72 90 95 33 52 23 91 58 29 86 67 63 58 44 15 69 32 47 43 41 14 5 67 22 67 93 7 70 91 98 45 15 47 5 37 79 89 45 92 42 64 49 12 52 35 62 30 
95 16 97 25 89 67 19 11 92 95 79 58 1 84 100 76 92 34 64 74 99 31 88 1 5 47 96 90 36 31 45 12 60 75 46 3 94 35 64 87 13 53 30 37 88 80 99 2 41 36 85 42 40 20 46 87 70 72 53 57 8 57 59 60 98 13 46 4 85 87 65 84 17 11 18 15 55 26 41 58 82 21 21 2 82 82 36 21 6 58 78 27 58 100 86 79 85 31 20 89 
21 72 98 98 39 74 54 46 20 90 16 53 44 88 32 6 62 23 62 56 56 61 100 1 37 6 31 48 36 59 94 65 90 52 27 28 35 47 56 78 33 51 73 71 69 3 46 61 15 1 47 11 80 65 87 38 22 26 86 88 19 62 66 41 5 13 100 19 97 64 6 52 37 75 80 35 80 65 27 32 37 86 69 51 79 90 6 24 55 68 59 94 74 9 33 41 9 82 20 86 
38 95 57 96 1 9 20 10 38 70 74 74 85 100 54 48 99 20 30 31 3 52 13 99 58 90 31 16 6 3 76 90 73 38 68 61 92 45 71 67 89 14 60 4 10 46 19 9 35 71 4 60 95 46 34 47 65 39 99 43 65 71 12 58 34 95 33 60 2 95 23 19 20 94 57 21 60 76 68 23 52 59 70 99 90 2 56 53 78 15 47 21 9 64 88 99 98 29 14 60 
55 20 89 53 95 100 77 58 40 58 21 45 36 64 44 27 40 56 4 73 14 78 85 39 62 73 88 57 83 3 13 86 32 26 37 94 27 61 32 63 88 40 86 12 10 35 44 48 25 57 17 73 75 19 62 44 40 6 11 19 92 83 32 54 12 6 51 46 71 33 37 47 71 90 26 95 46 82 92 92 54 3 93 54 4 32 62 41 24 19 15 46 62 28 75 3 35 64 38 48 
28 77 82 75 42 20 22 43 93 18 14 73 66 7 14 99 26 72 41 25 17 52 6 5 19 34 56 98 2 25 55 16 8 79 53 6 27 30 74 44 78 52 68 3 89 2 50 89 40 27 54 49 24 94 45 73 94 93 85 90 76 91 14 39 69 29 42 53 5 96 38 25 73 94 18 47 52 98 87 23 58 21 31 89 3 79 79 97 32 97 44 59 45 52 83 49 79 49 47 87 
52 83 22 90 95 18 34 28 10 57 33 63 72 74 66 12 48 28 78 34 55 70 19 43 30 38 10 49 16 25 67 73 77 97 17 84 39 99 51 95 11 21 86 86 83 71 96 75 11 10 92 47 98 36 99 64 10 7 67 16 6 8 1 94 75 67 72 55 77 8 76 52 100 52 57 39 38 98 88 93 38 7 98 9 38 52 39 74 93 54 13 38 16 50 22 95 10 2 19 63 
94 19 18 94 48 89 81 10 94 36 84 71 71 53 20 32 33 68 73 46 84 63 57 38 63 34 6 44 71 56 14 38 84 67 93 74 23 56 47 33 89 6 26 40 82 94 74 31 50 9 27 79 46 33 31 84 70 10 29 64 73 39 61 55 26 24 81 35 21 93 27 73 69 86 27 85 33 32 24 3 37 92 38 95 71 10 51 49 41 25 39 40 32 70 87 92 1 90 1 10 
31 87 48 77 62 25 71 86 18 9 89 79 19 67 10 39 15 25 21 49 24 27 55 75 85 52 38 69 7 65 11 59 72 76 24 63 2 36 74 74 93 23 10 100 63 88 83 81 59 22 64 71 12 28 62 34 35 43 12 16 87 85 69 29 57 48 89 55 75 98 60 77 4 49 11 49 17 2 1 49 46 61 57 12 44 73 52 5 46 74 30 66 26 14 36 92 93 69 28 22 
5 22 20 77 97 83 72 47 42 88 11 27 49 87 96 39 1 72 17 63 74 97 28 29 22 17 11 45 16 56 81 100 98 50 51 79 43 33 25 90 41 32 62 22 35 22 97 33 46 34 89 12 40 80 33 21 85 56 96 76 90 9 8 40 4 93 50 50 11 55 21 81 26 77 42 34 64 75 96 42 15 3 99 77 59 71 91 66 3 28 61 28 40 12 21 27 50 59 82 76 
60 57 66 97 61 35 39 52 60 70 48 25 92 84 84 42 72 34 96 27 74 94 16 70 21 62 83 24 77 52 90 33 14 95 82 57 15 18 81 92 40 12 63 14 74 51 84 46 50 17 37 44 76 80 71 94 13 37 15 68 36 80 45 94 57 73 82 86 39 66 95 89 15 55 67 51 100 10 7 22 57 48 82 94 65 80 39 14 93 35 89 67 19 47 26 51 70 80 29 15 
94 91 14 72 29 37 77 77 54 31 33 57 21 40 22 65 71 84 3 41 100 98 97 40 70 57 78 19 60 82 77 85 51 33 42 92 15 8 60 19 1 84 10 96 63 51 3 48 76 18 21 69 66 88 15 75 6 14 85 75 95 32 92 75 94 32 15 94 36 70 6 35 11 72 57 43 34 59 19 12 36 69 79 87 52 80 74 73 58 50 3 14 40 31 99 42 87 92 9 9 
52 42 53 93 75 95 27 25 10 54 23 32 49 93 38 74 13 65 28 38 34 70 19 61 18 93 10 46 35 54 35 30 48 87 30 38 86 52 80 58 32 46 83 89 29 77 62 67 33 17 11 85 19 36 27 27 85 20 53 22 57 52 75 69 6 87 85 85 22 45 44 52 67 21 22 38 35 7 83 57 25 27 48 99 12 82 57 49 54 90 44 47 81 56 79 1 69 41 18 92 
2 69 82 4 75 53 18 44 68 70 36 97 28 31 82 76 89 70 6 23 36 33 86 4 52 100 36 18 6 61 49 56 91 24 64 5 49 97 65 11 75 82 63 58 10 49 79 15 3 34 46 64 99 28 36 50 53 54 2 10 51 7 17 15 32 71 24 1 72 52 12 82 80 27 2 9 35 53 85 92 53 64 80 16 80 3 34 52 16 12 4 18 63 91 15 17 13 72 71 28 
92 8 63 42 87 54 2 70 60 59 73 24 83 26 86 45 1 34 12 79 50 44 40 13 99 5 91 14 66 20 81 15 49 64 6 18 45 9 43 88 4 3 31 35 14 11 6 72 57 13 50 47 74 45 76 17 73 94 77 65 68 7 34 14 48 4 17 75 13 73 76 68 47 2 35 20 13 10 89 48 25 48 15 39 20 79 81 46 99 44 25 38 10 94 13 68 52 92 87 20 
59 27 91 69 66 18 13 52 92 17 55 7 55 63 65 52 32 6 63 41 81 32 7 42 24 71 71 41 86 44 1 2 4 45 10 76 64 100 16 42 72 87 55 45 18 62 38 85 99 54 29 66 22 79 82 93 55 59 64 27 5 56 27 41 71 72 62 32 74 13 77 11 87 76 83 15 15 33 31 47 20 83 61 40 50 87 63 78 94 15 52 3 57 41 17 100 32 53 79 70 
86 67 20 82 52 40 65 61 76 16 23 21 72 53 5 8 21 14 46 30 41 94 63 12 18 61 15 47 40 95 92 14 90 92 85 92 88 99 98 82 91 28 16 64 10 52 82 73 55 90 51 52 77 47 28 12 61 25 44 27 54 69 7 43 2 62 100 81 65 38 82 34 80 3 96 71 70 72 80 28 33 5 49 89 93 28 85 23 85 26 53 24 14 85 30 29 32 39 80 64 
62 75 89 3 89 58 4 15 96 69 91 88 63 90 29 24 89 20 36 58 50 6 10 61 73 78 70 1 54 30 58 62 71 95 23 23 28 30 100 40 45 64 42 30 79 60 40 86 14 75 58 17 81 23 67 39 90 88 75 79 67 91 90 6 29 83 95 26 33 29 64 65 52 75 30 82 47 81 40 75 26 40 27 55 61 15 64 62 9 51 93 39 68 61 16 33 15 49 50 33 
34 21 28 83 97 23 60 35 94 68 49 62 64 97 58 25 34 72 60 77 46 67 43 47 44 30 96 54 57 79 72 51 25 21 11 61 5 93 66 65 41 81 37 63 5 61 69 30 77 97 69 4 34 4 83 30 83 1 10 18 92 15 13 86 61 21 54 40 11 68 56 46 35 100 94 68 47 45 14 35 21 9 21 72 80 30 71 34 61 94 89 21 35 39 61 27 91 32 49 99 
95 63 40 35 20 85 30 2 57 23 82 59 98 46 5 49 5 77 100 99 23 9 90 26 78 61 7 56 58 16 40 63 86 28 100 87 68 80 75 40 87 76 33 15 100 23 89 10 71 41 38 23 36 67 17 73 30 91 48 49 34 48 27 28 51 10 17 72 80 10 42 88 98 12 66 71 12 76 68 72 24 86 84 55 65 30 62 12 70 4 16 33 88 84 93 61 6 20 47 26 
83 81 70 98 93 40 79 18 49 85 52 91 16 9 12 46 100 83 72 28 94 76 11 33 78 100 80 42 11 72 10 70 2 50 81 63 25 34 74 41 52 14 39 66 14 4 28 25 63 23 45 52 74 79 37 25 31 16 42 89 71 77 34 52 83 90 49 47 20 99 60 79 60 80 14 33 26 97 77 87 70 96 67 18 63 53 1 12 96 73 92 91 69 75 14 43 76 55 35 57 
20 76 77 97 37 9 81 73 44 14 39 82 95 64 43 2 88 2 17 18 19 21 25 51 34 78 16 36 89 15 91 6 9 36 37 50 43 46 31 38 32 81 66 82 12 5 97 89 58 98 95 65 75 97 63 71 69 27 74 86 52 88 49 81 81 78 23 51 35 51 42 87 3 21 9 84 85 81 40 71 56 9 88 22 32 22 72 35 26 92 61 66 67 44 96 79 14 76 21 67 
60 37 76 89 81 57 61 12 8 98 38 11 14 3 47 92 55 58 45 96 33 46 52 79 57 65 10 31 91 29 17 96 62 58 50 51 64 43 14 9 39 82 41 82 4 49 98 92 67 27 58 82 31 97 93 46 43 17 81 50 45 69 4 51 18 56 36 22 66 2 64 12 25 8 86 63 15 45 31 73 24 55 7 96 71 78 30 51 4 15 58 52 83 63 10 42 91 21 53 25 
46 18 11 80 15 64 65 43 78 57 44 69 39 60 76 47 17 27 80 65 84 23 77 60 57 9 98 1 77 59 83 21 37 43 91 98 80 54 54 13 33 47 35 40 23 36 32 18 10 78 67 49 20 21 53 39 67 38 38 83 69 89 16 50 22 97 75 5 88 34 16 78 37 49 40 39 12 97 32 34 69 97 79 58 10 69 32 92 90 47 64 37 82 15 5 55 89 60 40 70 
4 72 1 10 53 21 33 42 38 70 20 58 90 86 11 69 17 11 68 68 13 94 17 99 32 20 50 21 78 16 98 13 50 20 79 28 25 93 20 12 98 63 56 99 18 8 93 81 26 75 78 18 69 8 77 96 91 10 75 7 2 45 97 13 80 46 7 52 10 92 15 42 12 4 24 33 72 58 91 55 23 69 94 3 1 81 19 80 32 64 88 46 20 96 88 75 74 98 24 83 
38 42 96 11 30 33 23 15 84 70 74 38 19 50 100 90 65 74 97 28 82 50 48 45 4 11 61 58 75 45 64 57 24 34 52 56 30 6 43 37 62 71 18 71 18 24 3 89 61 41 29 72 70 81 40 53 3 72 38 83 19 97 5 86 53 26 66 41 87 63 58 69 31 53 63 18 25 80 28 13 2 7 36 3 15 55 96 22 76 85 80 57 70 19 53 88 63 41 68 17 
33 24 29 84 54 12 88 30 31 91 19 20 11 29 46 2 65 17 4 83 63 64 87 81 57 24 26 58 97 99 80 92 1 62 71 1 12 4 78 56 96 7 44 6 88 90 55 40 64 27 40 4 49 79 91 11 67 38 32 30 48 89 35 3 78 27 50 74 92 21 49 95 73 34 19 74 13 13 26 14 85 66 95 62 25 40 95 94 48 7 69 76 82 61 33 38 85 88 20 67 
94 88 57 76 73 87 16 5 11 84 29 76 59 24 18 9 99 86 40 2 13 22 84 14 14 68 78 80 68 30 90 17 30 59 94 78 72 33 58 15 18 18 2 69 14 42 9 68 56 88 71 97 32 91 76 29 1 62 41 2 69 83 84 4 25 87 55 46 7 90 90 31 80 35 86 62 7 45 20 40 59 84 97 64 8 37 66 88 13 24 68 32 60 65 82 79 14 29 38 76 
9 21 76 85 23 15 92 78 21 40 59 61 80 77 37 14 34 34 62 92 65 36 69 57 3 38 20 3 41 67 9 23 2 74 100 86 50 5 70 65 36 46 17 46 39 35 10 81 36 69 92 88 49 80 61 53 92 16 13 7 67 23 41 68 42 45 98 14 78 24 34 33 25 5 8 15 1 26 71 21 29 46 99 90 2 34 64 25 82 94 70 100 27 43 6 78 10 78 93 24 
30 13 74 8 54 100 98 29 5 50 45 51 62 85 20 26 7 12 65 61 22 16 15 29 33 81 83 82 85 1 30 13 46 17 12 46 58 99 4 24 40 71 96 11 74 22 8 29 56 57 90 80 55 42 28 19 14 47 18 63 72 58 37 16 6 16 9 56 90 90 34 75 69 90 88 60 69 74 32 71 21 12 1 87 53 48 73 62 37 59 93 98 1 5 30 78 75 50 60 10 
40 69 43 31 68 33 89 22 43 39 55 99 87 55 63 45 84 58 69 65 86 28 97 50 71 19 13 15 56 96 35 31 19 88 13 84 25 65 70 75 89 66 88 70 14 25 76 43 9 12 22 68 54 98 18 12 35 54 73 54 65 60 32 3 40 43 6 96 41 47 72 85 94 87 30 43 8 30 80 61 51 98 22 93 79 49 15 28 11 83 20 23 99 84 28 68 69 14 75 74 
23 5 7 44 6 83 66 23 87 42 46 98 95 56 46 61 44 57 86 37 14 95 16 100 65 70 63 19 41 65 56 28 95 33 55 37 2 80 100 86 78 65 55 14 20 38 25 75 74 62 93 68 48 92 74 62 79 92 17 83 81 40 40 79 90 53 68 35 53 92 60 47 57 3 52 62 34 49 45 5 79 40 41 4 50 60 29 64 38 84 37 70 79 100 73 86 19 59 97 71 
91 78 22 98 9 60 86 82 5 71 40 67 74 63 2 22 83 34 39 67 17 16 76 48 50 87 49 18 6 38 68 33 45 45 49 72 29 5 80 37 30 5 3 46 55 72 16 89 39 29 42 74 100 23 91 14 38 59 53 14 83 46 39 64 2 87 95 73 94 68 89 52 36 68 10 74 95 69 62 30 38 47 99 59 20 5 4 16 84 90 21 91 67 3 7 69 14 11 94 48 
22 18 40 71 7 58 57 50 13 59 21 25 93 67 58 6 83 94 75 29 87 70 44 4 45 28 71 7 93 5 39 18 11 88 94 64 60 89 60 51 37 11 77 45 15 21 19 72 44 86 6 54 11 69 64 50 54 75 69 95 44 41 73 42 5 40 51 26 70 92 22 28 44 59 18 55 41 21 2 57 68 49 27 10 45 45 43 33 41 27 3 41 38 39 26 89 22 4 15 75 
9 43 100 38 85 5 68 6 70 63 14 64 65 75 12 14 39 65 30 96 62 1 86 44 36 3 48 3 96 10 90 20 41 37 34 12 24 80 55 43 94 23 48 38 54 60 99 33 44 81 29 60 57 79 94 92 29 17 8 63 71 84 51 24 63 52 88 23 38 15 74 33 37 61 17 35 3 32 64 32 97 29 28 48 39 74 43 98 69 17 62 62 33 21 43 48 94 79 10 83 
14 76 58 1 48 85 86 45 89 83 89 27 4 57 67 61 67 34 17 2 72 83 54 95 16 13 82 35 19 94 67 11 48 26 79 30 38 88 10 39 67 6 57 61 28 97 9 6 46 72 71 27 79 15 12 3 99 15 52 26 49 17 17 3 53 57 9 26 48 40 92 23 6 91 87 35 94 33 3 96 58 98 98 94 93 30 19 61 39 89 41 48 92 24 98 25 47 33 24 86 
44 66 59 46 80 60 100 36 56 25 81 54 97 90 22 47 46 54 8 90 67 86 72 86 80 68 7 86 1 78 3 96 88 35 88 31 83 3 92 49 97 89 67 42 35 90 11 80 99 1 3 49 31 98 75 52 78 51 55 37 20 52 28 4 40 1 11 42 83 6 23 77 26 18 65 29 54 72 97 88 39 97 12 7 19 10 44 77 9 62 80 32 66 47 85 9 82 34 48 17 
90 91 24 49 49 54 38 57 84 10 15 17 14 56 63 36 36 8 80 86 25 2 32 67 2 83 94 40 96 85 34 66 30 8 64 85 65 26 99 46 64 46 43 4 5 33 35 19 61 77 55 62 7 85 20 83 40 52 17 45 57 85 63 41 38 44 52 96 34 75 48 19 79 15 19 80 15 71 97 13 51 1 40 42 30 81 4 24 73 75 13 31 2 20 9 35 63 47 89 46 
81 23 73 41 24 89 60 62 44 28 5 77 76 97 13 89 98 68 64 73 68 70 13 62 94 53 5 16 28 33 26 64 89 44 78 20 7 4 13 93 57 43 63 84 50 79 52 24 8 48 32 27 38 59 86 63 25 64 34 55 37 50 74 30 2 61 23 67 13 96 100 42 40 36 67 45 69 29 6 91 87 63 27 49 73 56 68 10 52 17 34 68 6 46 84 83 28 9 55 2 
72 33 7 100 48 11 29 77 31 93 62 57 23 11 22 16 11 83 67 42 53 56 27 77 28 33 9 20 36 78 39 54 26 79 28 48 58 56 16 72 22 49 42 15 97 35 77 7 31 18 94 52 43 41 23 43 6 55 9 97 90 99 95 59 63 2 24 58 80 71 81 97 69 76 37 80 88 95 36 79 26 79 95 23 91 84 52 73 25 24 76 21 12 60 27 24 46 98 62 61 
81 8 96 24 9 49 42 93 100 67 99 28 67 13 88 64 31 9 63 5 43 48 6 64 24 93 26 34 51 32 41 78 93 100 21 3 93 46 90 49 33 7 49 89 2 64 90 43 90 56 91 27 67 72 98 51 5 46 74 44 98 98 100 16 41 61 35 19 13 6 81 5 84 91 28 74 24 80 61 79 92 50 26 96 14 98 58 98 100 51 65 19 56 25 49 48 12 56 4 35 
