10
23
0 0  0
1 0  0
d 3 11111 15
v 2 01101 10
u 2 01100 10
p 4 0101 16
n 2 01000 10
s 4 0011 16
a 1 010011 6
x 2 10001 10
l 1 010010 6
w 3 0010 12
f 3 0001 12
o 3 0000 12
j 4 0111 16
r 1 100000 6
c 1 100001 6
z 1 111100 6
e 4 1001 16
m 4 1010 16
h 5 1011 20
t 5 1100 20
b 5 1101 20
y 5 1110 20
q 2 111101 12
293-bit out of 469-bit
11000111100010011000111100000111111010101011010101101111110101110100001010111111110010111010110011010011100001010000001001110111010110011011001001000110110110001110111110011100000100110110110001110110011100101001011000101101100011001011011100110011011000001110111111010100101001000001111011101
80s
-400
