50
67 71 92 91 15 93 39 71 70 37 51 75 3 90 16 58 51 1 98 96 96 96 25 84 57 55 46 100 85 4 32 96 85 90 37 35 20 52 72 44 62 10 47 19 41 80 32 10 73 66 
14 98 95 24 13 74 30 75 5 4 94 99 39 21 50 39 5 46 95 46 16 12 95 19 99 24 37 11 61 15 35 85 59 3 26 23 87 27 13 47 56 96 56 84 92 33 2 26 58 91 
53 51 63 88 25 16 82 29 60 15 67 71 72 74 10 51 61 32 9 52 13 79 95 4 9 42 37 38 42 11 80 15 56 11 77 72 5 33 86 19 81 89 86 95 49 34 23 57 85 97 
41 44 31 63 77 65 32 49 31 4 29 67 73 70 43 3 89 23 50 86 89 49 92 27 53 1 88 11 45 42 25 25 20 28 26 71 4 59 90 53 94 52 88 52 60 11 98 97 5 26 
37 7 57 20 22 58 45 57 80 38 74 33 54 56 17 12 22 27 2 1 82 30 53 98 1 3 80 6 82 35 95 20 33 76 40 67 50 11 6 87 70 96 96 35 23 30 6 67 3 35 
16 84 28 56 38 77 82 9 98 61 2 55 3 2 6 89 10 4 32 40 84 42 4 79 84 24 92 83 29 17 18 16 41 39 88 75 47 86 71 72 62 21 42 95 7 27 48 91 57 16 
33 75 27 94 85 65 26 15 5 87 3 16 70 4 31 75 35 59 49 8 70 14 40 9 67 57 90 76 48 40 91 29 64 39 58 8 45 12 69 100 11 78 76 1 99 52 20 4 84 48 
16 88 9 66 51 18 48 79 3 84 89 14 78 47 17 52 99 72 80 34 79 44 41 57 36 7 66 61 33 13 100 50 24 57 47 47 5 19 73 60 67 45 15 71 32 41 25 69 44 97 
11 18 70 55 4 58 6 19 30 45 14 98 22 2 48 8 5 55 96 18 38 100 42 8 99 53 58 28 67 48 22 88 58 40 15 8 18 82 12 20 11 6 59 28 34 38 5 89 94 73 
37 67 20 99 88 15 8 46 11 64 67 72 32 68 95 88 38 28 49 26 16 80 90 87 52 79 100 63 48 3 58 97 96 23 71 89 37 34 38 92 69 12 61 93 44 58 32 33 15 39 
5 20 51 23 78 87 92 34 29 46 27 47 70 39 24 50 89 66 20 52 46 10 26 8 62 63 64 97 68 65 41 43 40 30 21 70 79 84 72 18 4 86 66 8 92 95 99 87 52 58 
78 82 83 3 31 97 97 66 1 50 36 52 37 51 20 14 61 29 58 73 32 63 25 14 63 95 55 9 43 79 79 29 15 96 29 57 56 99 67 14 67 9 90 44 36 77 89 38 17 31 
41 62 36 72 32 32 12 11 76 41 37 14 70 71 11 21 92 7 53 37 55 60 42 49 53 10 28 78 33 25 99 69 55 11 32 25 82 67 46 13 9 31 81 82 70 44 10 9 9 1 
66 80 85 46 14 11 70 66 89 17 22 35 88 54 77 28 87 43 39 50 69 84 97 39 26 22 34 41 95 69 11 7 22 100 61 85 34 86 83 12 49 35 63 92 36 91 57 69 91 86 
77 43 53 29 12 70 14 72 31 84 55 69 55 37 2 43 36 58 95 95 95 61 54 7 17 88 31 76 66 74 50 89 86 41 10 80 91 46 67 49 67 31 42 96 64 23 74 68 33 71 
25 45 6 43 77 54 15 43 96 28 5 63 93 61 33 68 15 24 61 73 66 8 4 68 52 67 18 78 94 33 92 38 88 37 9 4 3 35 69 13 60 55 4 40 67 49 95 84 54 6 
78 69 7 14 9 21 13 53 29 28 34 11 30 29 84 95 59 38 41 51 3 86 51 26 53 26 74 10 26 82 77 93 31 4 10 70 27 4 89 51 66 50 89 9 42 54 84 30 36 55 
86 78 54 46 5 65 40 87 32 44 96 48 41 14 31 28 78 21 49 7 83 45 32 73 72 12 68 20 94 82 21 82 52 95 33 13 26 19 75 40 50 18 17 39 1 16 86 43 37 86 
11 45 32 46 51 35 83 79 56 95 24 81 17 58 9 91 100 72 18 93 4 54 88 12 44 43 55 8 1 32 29 58 62 70 12 54 48 30 10 75 7 86 87 44 60 9 7 97 24 69 
24 87 27 8 58 11 13 49 33 22 39 23 87 69 57 30 67 63 74 60 25 3 24 95 99 82 42 6 55 50 20 21 25 16 10 33 60 43 36 39 36 45 92 100 27 26 36 73 12 18 
73 51 87 48 28 57 79 29 24 5 80 93 13 77 37 60 79 75 13 39 38 35 68 58 16 91 84 77 11 79 97 62 86 6 10 26 82 8 84 9 21 10 96 11 73 47 44 20 21 65 
90 76 90 83 5 28 92 8 52 80 11 28 76 89 16 77 92 100 94 13 39 3 14 5 1 64 82 13 70 88 21 10 83 66 36 69 54 84 31 11 37 92 7 64 6 87 23 99 86 39 
52 2 6 19 10 94 84 83 35 18 38 47 54 8 72 32 72 8 97 77 70 76 4 88 80 99 15 1 67 90 95 18 85 76 81 52 45 61 49 76 37 37 45 70 60 30 21 70 99 11 
84 48 12 95 1 42 24 42 31 67 69 85 81 86 4 31 70 54 83 38 56 57 71 48 55 52 72 4 81 17 69 92 68 96 81 44 32 6 13 67 21 76 40 32 86 66 98 96 7 7 
17 42 85 11 97 58 4 18 16 34 26 17 36 98 73 78 69 12 84 37 31 15 22 76 93 95 44 91 29 65 70 9 66 35 99 37 88 7 28 44 19 76 78 53 78 5 23 42 93 69 
34 35 37 27 6 13 95 55 5 64 43 32 1 20 46 31 19 37 62 67 34 65 30 71 82 86 6 57 81 23 100 73 11 39 38 73 49 12 78 74 37 99 96 55 80 89 66 60 49 51 
82 78 36 9 63 69 69 79 85 94 80 18 62 90 60 30 21 59 63 32 38 29 2 13 86 60 93 23 65 32 81 100 21 76 44 93 57 7 57 41 49 92 56 10 16 42 20 27 47 88 
63 51 28 48 42 68 59 37 27 87 7 73 59 72 97 29 43 57 48 70 16 84 89 92 45 44 57 95 10 27 58 27 3 69 31 8 87 32 38 44 69 1 89 61 14 34 41 74 21 32 
69 92 3 63 94 96 59 19 77 67 37 29 6 46 1 51 59 31 55 44 24 100 48 12 98 87 63 90 61 77 65 75 75 23 62 38 74 77 5 92 64 57 30 78 21 44 18 45 85 95 
47 53 96 61 28 21 86 22 47 22 42 71 4 65 54 93 21 14 80 40 69 79 31 81 1 58 13 21 14 58 8 55 54 83 46 11 73 55 30 92 19 48 83 57 35 71 55 52 32 99 
8 19 65 51 22 67 54 56 33 73 20 91 24 46 86 97 7 38 86 31 36 100 90 96 60 61 20 89 53 27 94 44 67 16 50 37 39 95 5 73 82 32 70 99 58 26 5 63 61 90 
41 25 75 34 59 67 26 85 63 2 20 97 100 38 8 97 12 56 84 29 97 12 34 94 2 63 93 30 60 62 67 19 44 68 40 62 41 4 48 20 70 19 88 92 58 49 63 96 78 53 
80 9 87 86 12 19 89 86 77 78 87 10 26 73 76 80 93 4 5 57 34 61 83 7 50 19 96 44 41 11 81 63 51 99 91 82 81 3 75 29 50 1 42 34 20 100 84 78 49 29 
75 47 41 70 80 87 98 38 30 7 28 72 86 43 82 3 73 61 19 71 39 44 17 53 33 67 44 81 22 30 56 15 59 40 100 38 43 74 78 57 59 55 91 42 63 76 48 49 53 22 
13 81 99 74 41 97 19 16 66 58 8 31 59 99 20 40 91 57 89 41 4 32 9 84 3 17 85 68 90 10 2 74 99 90 5 52 15 82 17 94 3 80 36 98 93 26 8 26 2 83 
73 79 47 3 18 61 90 57 59 16 74 4 14 33 22 23 50 1 58 38 63 57 82 56 32 42 22 26 57 83 34 72 53 77 11 90 15 27 15 22 35 74 66 72 99 22 37 34 90 70 
86 10 9 100 75 92 93 28 75 44 88 71 34 12 55 11 25 66 47 65 91 4 27 54 54 35 90 70 12 77 57 62 43 94 63 92 99 34 54 80 3 45 45 57 59 23 44 80 12 13 
48 100 4 59 52 91 88 60 70 48 96 7 46 74 66 99 52 44 81 21 85 45 26 68 19 49 8 93 88 9 25 68 72 60 93 79 34 78 86 98 45 1 76 39 95 26 90 19 89 73 
29 24 92 28 53 40 28 29 65 38 87 13 42 48 60 16 99 21 96 99 20 51 73 49 24 95 74 93 7 28 10 70 60 17 52 56 55 3 38 18 50 11 16 97 41 19 36 80 80 35 
68 93 60 34 64 83 52 90 92 11 74 84 99 100 68 3 13 50 68 48 70 14 4 58 53 56 26 63 84 37 71 10 80 92 72 11 16 35 53 72 61 37 10 93 64 2 64 18 55 53 
21 47 64 53 6 64 8 79 59 10 100 83 52 67 1 85 47 61 77 14 30 57 92 87 91 9 96 25 97 98 65 66 69 20 80 79 48 42 66 10 34 74 71 81 48 56 35 84 74 18 
21 68 100 93 7 100 26 38 77 53 33 43 1 80 96 39 65 43 3 6 43 16 6 50 70 40 94 59 54 92 100 57 34 84 86 56 56 73 49 31 37 49 79 53 85 8 50 56 21 37 
82 34 30 22 24 82 57 76 38 95 38 38 37 7 30 27 60 94 64 26 91 60 97 14 88 60 14 26 72 75 98 62 49 37 53 11 31 62 8 8 73 43 30 37 21 42 67 96 6 15 
59 38 41 5 92 91 58 97 20 61 97 44 37 58 9 91 70 56 67 34 91 100 34 85 51 66 21 55 65 72 85 32 68 9 89 70 84 61 67 58 2 2 90 31 30 4 9 71 50 20 
96 22 89 57 5 100 85 89 32 54 58 71 100 83 29 32 46 35 51 83 67 40 70 24 9 17 56 21 13 55 93 60 51 98 76 55 10 100 88 97 42 96 69 84 3 77 40 59 89 64 
23 54 24 4 26 32 8 100 81 40 25 14 35 51 51 86 6 77 90 29 20 2 36 19 73 43 23 87 42 61 20 5 18 45 16 44 19 81 35 61 23 94 98 20 19 66 17 90 60 84 
60 63 44 77 93 76 99 21 99 19 79 71 74 54 40 69 31 86 93 24 100 61 55 95 91 13 55 61 60 98 1 7 81 78 25 50 53 72 27 34 15 43 95 76 76 55 47 46 35 20 
99 33 41 10 33 26 49 29 89 55 20 11 47 87 92 82 32 4 85 94 61 65 36 62 37 21 48 37 17 67 42 4 59 71 58 38 36 43 86 37 74 89 1 47 100 36 77 47 2 84 
20 73 52 79 1 11 95 78 5 6 80 1 40 29 95 26 77 52 30 47 69 39 93 94 32 75 85 9 64 45 46 22 82 95 46 44 30 60 19 38 27 24 18 55 95 14 68 47 56 76 
97 42 71 36 72 91 72 76 46 34 94 17 75 77 24 59 65 67 20 40 2 54 51 61 36 46 57 81 74 66 42 17 42 75 78 61 69 95 9 17 79 80 18 29 68 61 61 12 94 100 
