1000
0 700 1
700 918 1
918 919 1
919 865 1
919 854 1
919 824 1
919 651 1
919 637 1
919 562 1
919 458 1
919 334 1
919 42 1
919 33 1
918 900 1
918 742 1
918 665 1
918 606 1
918 588 1
918 514 1
918 451 1
918 366 1
918 319 1
918 312 1
918 299 1
918 188 1
918 95 1
918 67 1
900 992 1
992 928 1
992 812 1
992 616 1
992 416 1
992 242 1
992 228 1
992 221 1
992 118 1
928 976 1
976 944 1
976 560 1
976 350 1
976 279 1
976 209 1
976 76 1
944 966 1
966 922 1
966 905 1
966 895 1
966 585 1
966 54 1
966 3 1
944 896 1
944 632 1
944 561 1
944 507 1
944 480 1
944 459 1
944 406 1
944 381 1
944 340 1
944 123 1
944 91 1
944 90 1
928 972 1
972 853 1
972 578 1
972 452 1
972 363 1
972 315 1
972 273 1
972 243 1
972 70 1
928 802 1
928 780 1
928 352 1
928 270 1
928 121 1
928 49 1
922 996 1
996 921 1
996 738 1
996 671 1
996 590 1
996 492 1
996 354 1
922 788 1
922 784 1
922 579 1
922 545 1
922 304 1
922 269 1
922 248 1
922 125 1
922 103 1
922 18 1
921 833 1
921 822 1
921 739 1
921 692 1
921 235 1
921 144 1
921 84 1
905 955 1
955 605 1
955 508 1
955 464 1
955 292 1
955 256 1
955 180 1
955 120 1
905 760 1
905 749 1
905 745 1
905 685 1
905 455 1
905 318 1
905 247 1
905 233 1
905 229 1
905 5 1
900 718 1
900 613 1
900 594 1
900 346 1
900 289 1
900 275 1
900 122 1
900 21 1
896 908 1
908 913 1
913 876 1
913 875 1
913 682 1
913 566 1
913 429 1
913 362 1
913 194 1
913 102 1
908 893 1
908 890 1
908 726 1
908 609 1
908 241 1
908 239 1
908 101 1
896 835 1
896 737 1
896 736 1
896 471 1
896 205 1
896 132 1
895 811 1
895 556 1
895 391 1
895 368 1
895 166 1
895 77 1
895 75 1
893 889 1
893 778 1
893 618 1
893 576 1
893 378 1
893 129 1
893 116 1
890 943 1
943 663 1
943 652 1
943 530 1
943 493 1
943 394 1
943 306 1
943 213 1
943 196 1
943 172 1
943 146 1
943 86 1
890 891 1
891 777 1
891 766 1
891 695 1
891 505 1
891 437 1
891 432 1
891 285 1
891 283 1
891 231 1
891 2 1
890 630 1
890 434 1
890 64 1
889 750 1
889 733 1
889 358 1
889 329 1
889 309 1
876 640 1
876 628 1
876 494 1
876 380 1
876 301 1
876 87 1
876 31 1
875 974 1
974 869 1
974 862 1
974 655 1
974 573 1
974 548 1
974 288 1
974 255 1
974 208 1
974 14 1
875 836 1
875 491 1
875 486 1
875 355 1
875 258 1
875 99 1
875 15 1
875 4 1
869 990 1
990 871 1
990 859 1
990 670 1
990 607 1
990 523 1
990 447 1
990 409 1
990 370 1
990 200 1
990 159 1
871 970 1
970 988 1
988 829 1
988 810 1
988 801 1
988 690 1
988 644 1
988 602 1
988 541 1
988 445 1
988 407 1
988 401 1
988 169 1
988 83 1
988 48 1
970 948 1
970 832 1
970 785 1
970 624 1
970 558 1
970 341 1
970 305 1
970 107 1
970 66 1
970 19 1
948 884 1
948 136 1
948 44 1
884 982 1
982 830 1
982 747 1
982 520 1
982 215 1
982 104 1
884 933 1
933 883 1
933 686 1
933 672 1
933 532 1
933 469 1
933 433 1
933 351 1
933 274 1
933 268 1
933 62 1
884 909 1
909 956 1
956 969 1
969 994 1
994 639 1
994 533 1
994 310 1
994 134 1
969 827 1
969 734 1
969 707 1
969 542 1
969 495 1
969 466 1
969 454 1
969 449 1
969 284 1
969 61 1
956 947 1
956 597 1
956 589 1
956 199 1
956 133 1
956 81 1
947 866 1
947 864 1
947 839 1
947 746 1
947 583 1
947 379 1
947 316 1
947 226 1
947 57 1
909 794 1
909 444 1
909 63 1
909 43 1
909 36 1
909 24 1
884 653 1
884 604 1
884 343 1
884 206 1
884 109 1
883 885 1
885 971 1
971 999 1
999 986 1
999 629 1
999 498 1
999 412 1
999 178 1
999 158 1
986 803 1
986 721 1
986 554 1
986 547 1
986 165 1
986 135 1
986 26 1
986 23 1
971 934 1
971 650 1
971 621 1
971 608 1
971 571 1
971 317 1
971 286 1
971 262 1
971 222 1
971 82 1
934 702 1
934 620 1
934 453 1
934 442 1
934 117 1
885 716 1
885 599 1
885 546 1
885 526 1
885 349 1
885 179 1
885 74 1
885 25 1
883 646 1
883 531 1
883 522 1
883 509 1
883 503 1
883 448 1
871 570 1
871 550 1
871 517 1
871 237 1
871 224 1
869 959 1
959 924 1
959 752 1
959 598 1
959 190 1
959 147 1
924 952 1
952 770 1
952 658 1
952 569 1
952 529 1
952 430 1
952 369 1
952 249 1
952 80 1
924 870 1
924 787 1
924 719 1
924 631 1
924 383 1
924 326 1
924 293 1
870 898 1
898 949 1
949 991 1
991 614 1
991 536 1
991 525 1
991 515 1
991 426 1
991 408 1
991 348 1
991 12 1
949 878 1
949 821 1
949 816 1
949 698 1
949 137 1
898 581 1
898 472 1
898 302 1
878 485 1
878 473 1
870 798 1
870 364 1
870 332 1
870 148 1
870 119 1
870 72 1
870 58 1
869 946 1
946 899 1
946 825 1
946 728 1
946 657 1
946 462 1
946 278 1
946 71 1
899 729 1
899 584 1
899 565 1
899 330 1
899 298 1
869 850 1
869 712 1
869 710 1
869 709 1
869 236 1
866 979 1
979 809 1
979 744 1
979 675 1
979 478 1
979 373 1
979 294 1
979 201 1
866 727 1
866 600 1
866 296 1
866 271 1
865 887 1
887 886 1
887 763 1
887 425 1
887 51 1
887 22 1
886 997 1
997 534 1
997 524 1
997 398 1
997 386 1
997 230 1
886 680 1
886 384 1
886 187 1
886 17 1
865 795 1
865 540 1
865 470 1
865 308 1
864 962 1
962 903 1
962 681 1
962 667 1
962 427 1
962 227 1
962 207 1
962 115 1
903 926 1
926 953 1
953 764 1
953 610 1
953 500 1
953 477 1
953 244 1
953 220 1
953 79 1
926 786 1
926 661 1
926 633 1
926 601 1
926 487 1
926 300 1
903 668 1
864 902 1
902 957 1
957 872 1
957 722 1
957 323 1
957 78 1
957 73 1
957 40 1
902 842 1
902 567 1
902 238 1
902 225 1
872 965 1
965 762 1
965 496 1
965 170 1
965 111 1
965 94 1
872 674 1
872 303 1
864 897 1
897 438 1
897 96 1
864 877 1
877 855 1
877 535 1
877 402 1
877 266 1
877 216 1
877 155 1
877 150 1
864 768 1
864 643 1
864 490 1
864 32 1
864 1 1
862 858 1
862 272 1
862 234 1
859 775 1
858 973 1
973 916 1
973 634 1
973 344 1
973 335 1
973 325 1
973 11 1
916 975 1
975 954 1
975 911 1
975 753 1
975 688 1
975 659 1
975 518 1
975 328 1
954 837 1
954 181 1
954 149 1
916 697 1
916 617 1
916 467 1
911 923 1
923 792 1
923 756 1
923 568 1
923 223 1
911 861 1
911 851 1
911 724 1
911 593 1
911 483 1
911 476 1
911 324 1
911 210 1
861 932 1
932 741 1
932 691 1
932 677 1
932 240 1
932 204 1
861 847 1
861 679 1
861 572 1
861 60 1
861 55 1
858 694 1
858 638 1
858 635 1
858 377 1
855 892 1
892 461 1
892 291 1
892 212 1
892 105 1
855 774 1
855 740 1
855 654 1
854 968 1
968 419 1
968 375 1
968 211 1
968 202 1
854 817 1
854 805 1
854 68 1
853 711 1
853 10 1
851 977 1
977 831 1
977 645 1
977 587 1
977 511 1
851 951 1
951 731 1
951 440 1
951 185 1
951 182 1
951 138 1
851 945 1
945 915 1
945 603 1
945 596 1
945 29 1
915 615 1
915 410 1
851 474 1
850 725 1
850 595 1
850 321 1
850 214 1
850 156 1
847 914 1
914 385 1
847 693 1
847 592 1
847 463 1
847 263 1
847 126 1
847 110 1
842 863 1
863 781 1
863 636 1
863 333 1
863 157 1
839 779 1
839 543 1
837 930 1
930 611 1
930 574 1
930 439 1
930 85 1
837 828 1
837 582 1
837 254 1
837 189 1
836 684 1
836 281 1
835 730 1
835 311 1
835 175 1
833 555 1
833 549 1
833 387 1
833 59 1
832 660 1
832 390 1
832 313 1
832 113 1
831 706 1
831 418 1
830 27 1
830 6 1
829 678 1
829 625 1
829 623 1
829 389 1
828 925 1
925 687 1
828 901 1
901 246 1
901 9 1
828 435 1
827 867 1
867 705 1
867 382 1
827 755 1
827 732 1
827 699 1
827 539 1
827 359 1
827 314 1
827 198 1
825 960 1
960 203 1
960 69 1
825 443 1
825 142 1
824 708 1
824 696 1
824 404 1
824 356 1
824 245 1
822 958 1
958 441 1
958 98 1
822 857 1
857 796 1
857 789 1
857 748 1
857 743 1
857 676 1
857 619 1
857 38 1
857 34 1
822 128 1
821 852 1
821 557 1
821 143 1
817 510 1
817 7 1
816 808 1
816 689 1
816 482 1
816 257 1
812 797 1
812 538 1
812 405 1
811 397 1
810 456 1
810 357 1
810 253 1
809 647 1
809 488 1
809 276 1
809 108 1
808 765 1
808 336 1
808 259 1
808 176 1
805 544 1
805 414 1
803 868 1
868 800 1
803 673 1
803 664 1
803 361 1
803 171 1
802 826 1
826 931 1
931 964 1
931 790 1
931 767 1
931 499 1
931 295 1
931 30 1
826 322 1
826 320 1
802 512 1
802 417 1
802 411 1
801 428 1
801 337 1
801 297 1
800 907 1
907 345 1
907 28 1
798 917 1
917 656 1
917 527 1
798 167 1
797 856 1
856 910 1
910 987 1
987 420 1
910 769 1
856 371 1
797 838 1
838 506 1
838 468 1
838 413 1
838 177 1
797 162 1
797 154 1
797 124 1
795 936 1
936 845 1
936 65 1
845 761 1
845 553 1
845 446 1
845 287 1
845 153 1
845 93 1
845 39 1
794 906 1
906 981 1
981 846 1
981 823 1
981 174 1
906 849 1
906 819 1
906 815 1
906 436 1
849 403 1
849 250 1
846 807 1
846 219 1
846 152 1
846 46 1
846 8 1
823 163 1
815 818 1
818 793 1
815 217 1
807 806 1
807 622 1
806 564 1
794 184 1
794 89 1
793 840 1
840 873 1
873 813 1
873 559 1
873 183 1
840 841 1
840 814 1
840 151 1
814 516 1
813 938 1
813 415 1
813 360 1
813 186 1
792 880 1
792 191 1
792 139 1
789 497 1
788 703 1
787 820 1
820 251 1
787 804 1
804 714 1
787 393 1
786 192 1
785 338 1
784 759 1
784 450 1
781 983 1
983 457 1
781 751 1
781 552 1
781 252 1
779 513 1
778 995 1
995 374 1
995 145 1
995 140 1
778 939 1
939 479 1
939 160 1
775 950 1
950 978 1
978 929 1
775 50 1
774 504 1
770 648 1
770 173 1
769 431 1
768 998 1
768 717 1
765 937 1
764 773 1
773 642 1
763 88 1
762 528 1
761 723 1
761 261 1
760 860 1
860 754 1
860 327 1
860 282 1
860 260 1
760 264 1
756 799 1
799 669 1
755 423 1
755 197 1
754 963 1
963 47 1
754 537 1
753 265 1
748 168 1
748 97 1
746 735 1
746 563 1
745 502 1
745 501 1
744 843 1
843 791 1
843 395 1
791 701 1
744 52 1
743 586 1
743 331 1
741 580 1
741 307 1
741 37 1
740 927 1
927 626 1
740 290 1
739 280 1
738 16 1
737 277 1
736 776 1
776 713 1
734 53 1
733 980 1
980 683 1
980 666 1
732 396 1
731 985 1
985 993 1
985 521 1
727 353 1
726 481 1
725 715 1
725 460 1
723 848 1
721 392 1
719 984 1
719 195 1
715 940 1
715 100 1
713 881 1
711 489 1
708 131 1
707 372 1
707 342 1
707 267 1
703 232 1
702 424 1
701 339 1
699 758 1
697 941 1
941 888 1
888 844 1
888 720 1
888 422 1
720 882 1
882 367 1
720 218 1
694 757 1
757 365 1
691 41 1
688 35 1
685 575 1
681 894 1
681 519 1
681 421 1
680 935 1
678 912 1
912 127 1
676 612 1
672 771 1
671 484 1
670 967 1
664 161 1
659 475 1
658 388 1
651 961 1
651 164 1
651 106 1
646 782 1
645 92 1
643 942 1
942 783 1
639 577 1
633 879 1
626 874 1
623 704 1
621 112 1
616 141 1
609 591 1
607 465 1
607 376 1
598 627 1
627 662 1
593 114 1
586 45 1
567 641 1
556 649 1
552 989 1
545 920 1
535 399 1
533 772 1
525 347 1
520 193 1
517 904 1
506 400 1
483 130 1
473 834 1
470 20 1
462 13 1
398 56 1
387 551 1
999
2.68663s
