100
0 90 1
0 13 1
13 33 1
33 76 1
76 27 1
33 62 1
62 4 1
33 17 1
27 46 1
46 10 1
17 93 1
93 21 1
21 69 1
90 36 2
62 85 2
85 35 1
85 32 1
35 49 1
85 15 2
15 81 1
15 1 1
1 68 1
68 16 1
1 52 1
49 42 2
42 79 1
79 86 1
86 56 1
86 59 2
59 22 1
86 19 2
42 26 2
35 48 2
48 92 1
92 78 2
78 7 2
32 39 2
39 18 1
18 60 1
60 23 1
60 12 1
60 83 2
83 84 1
83 2 1
84 80 2
60 47 2
47 97 2
97 99 2
99 44 2
97 64 2
64 45 2
64 28 2
28 70 2
70 40 1
40 63 1
40 95 2
95 65 1
40 72 2
72 67 1
72 74 2
74 30 1
74 31 2
31 55 1
55 53 1
31 5 1
72 58 2
67 77 2
77 57 1
31 87 2
23 3 2
10 6 2
3 75 2
2 73 2
0 98 2
95 50 3
95 37 3
93 25 3
25 96 1
96 24 2
24 82 1
74 91 3
91 14 2
14 38 2
38 41 2
68 88 3
88 29 1
29 61 2
64 43 3
62 20 3
57 34 3
48 89 3
35 54 3
85 51 4
24 9 4
9 71 3
91 8 5
82 94 5
19 66 5
74 11 7
183
0.0957759s
